8.886903,9.438226,10.010274,10.600642,11.206134,11.822643,12.445042,13.067073,13.681245,14.278763,14.849468,15.381838,15.863025,16.278972,16.614601,16.854094,16.981269,16.980052,16.835050,16.532192,16.059429,15.407460,14.570432,13.546579,12.338739,10.954710,9.407404,7.714756,5.899396,3.988065,2.010811,0.000000,-2.010811,-3.988065,-5.899396,-7.714756,-9.407404,-10.954710,-12.338739,-13.546579,-14.570432,-15.407460,-16.059429,-16.532192,-16.835050,-16.980052,-16.981269,-16.854094,-16.614601,-16.278972,-15.863025,-15.381838,-14.849468,-14.278763,-13.681245,-13.067073,-12.445042,-11.822643,-11.206134,-10.600642,-10.010274,-9.438226,-8.886903,-8.358024
9.438226,10.053714,10.695905,11.362600,12.050710,12.756117,13.473523,14.196298,14.916343,15.623962,16.307775,16.954660,17.549774,18.076642,18.517344,18.852818,19.063292,19.128841,19.030077,18.748956,18.269665,17.579563,16.670111,15.537724,14.184496,12.618708,10.855077,8.914697,6.824650,4.617285,2.329206,0.000000,-2.329206,-4.617285,-6.824650,-8.914697,-10.855077,-12.618708,-14.184496,-15.537724,-16.670111,-17.579563,-18.269665,-18.748956,-19.030077,-19.128841,-19.063292,-18.852818,-18.517344,-18.076642,-17.549774,-16.954660,-16.307775,-15.623962,-14.916343,-14.196298,-13.473523,-12.756117,-12.050710,-11.362600,-10.695905,-10.053714,-9.438226,-8.850888
10.010274,10.695905,11.415300,12.166597,12.946957,13.752382,14.577524,15.415487,16.257629,17.093384,17.910104,18.692954,19.424874,20.086632,20.656996,21.113048,21.430664,21.585165,21.552155,21.308517,20.833548,20.110175,19.126185,17.875383,16.358588,14.584362,12.569406,10.338551,7.924304,5.365958,2.708305,0.000000,-2.708305,-5.365958,-7.924304,-10.338551,-12.569406,-14.584362,-16.358588,-17.875383,-19.126185,-20.110175,-20.833548,-21.308517,-21.552155,-21.585165,-21.430664,-21.113048,-20.656996,-20.086632,-19.424874,-18.692954,-17.910104,-17.093384,-16.257629,-15.415487,-14.577524,-13.752382,-12.946957,-12.166597,-11.415300,-10.695905,-10.010274,-9.359453
10.600642,11.362600,12.166597,13.011284,13.894246,14.811787,15.758683,16.727928,17.710467,18.694938,19.667438,20.611334,21.507148,22.332545,23.062463,23.669424,24.124049,24.395812,24.454039,24.269143,23.814063,23.065844,22.007271,20.628430,18.928090,16.914747,14.607236,12.034797,9.236569,6.260477,3.161588,0.000000,-3.161588,-6.260477,-9.236569,-12.034797,-14.607236,-16.914747,-18.928090,-20.628430,-22.007271,-23.065844,-23.814063,-24.269143,-24.454039,-24.395812,-24.124049,-23.669424,-23.062463,-22.332545,-21.507148,-20.611334,-19.667438,-18.694938,-17.710467,-16.727928,-15.758683,-14.811787,-13.894246,-13.011284,-12.166597,-11.362600,-10.600642,-9.881214
11.206134,12.050710,12.946957,13.894246,14.890815,15.933506,17.017458,18.135782,19.279211,20.435744,21.590306,22.724443,23.816099,24.839500,25.765207,26.560390,27.189359,27.614416,27.797032,27.699368,27.286101,26.526472,25.396456,23.880886,21.975357,19.687729,17.039049,14.063758,10.809119,7.333834,3.705925,0.000000,-3.705925,-7.333834,-10.809119,-14.063758,-17.039049,-19.687729,-21.975357,-23.880886,-25.396456,-26.526472,-27.286101,-27.699368,-27.797032,-27.614416,-27.189359,-26.560390,-25.765207,-24.839500,-23.816099,-22.724443,-21.590306,-20.435744,-19.279211,-18.135782,-17.017458,-15.933506,-14.890815,-13.894246,-12.946957,-12.050710,-11.206134,-10.412966
11.822643,12.756117,13.752382,14.811787,15.933506,17.115222,18.352755,19.639651,20.966731,22.321615,23.688241,25.046413,26.371412,27.633733,28.799008,29.828188,30.678055,31.302148,31.652134,31.679665,31.338677,30.588054,29.394513,27.735491,25.601794,22.999743,19.952558,16.500787,12.701677,8.627437,4.362511,0.000000,-4.362511,-8.627437,-12.701677,-16.500787,-19.952558,-22.999743,-25.601794,-27.735491,-29.394513,-30.588054,-31.338677,-31.679665,-31.652134,-31.302148,-30.678055,-29.828188,-28.799008,-27.633733,-26.371412,-25.046413,-23.688241,-22.321615,-20.966731,-19.639651,-18.352755,-17.115222,-15.933506,-14.811787,-13.752382,-12.756117,-11.822643,-10.950713
12.445042,13.473523,14.577524,15.758683,17.017458,18.352755,19.761486,21.238060,22.773814,24.356387,25.969063,27.590121,29.192226,30.741947,32.199468,33.518610,34.647255,35.528298,36.101213,36.304283,36.077487,35.365957,34.123822,32.318142,29.932611,26.970616,23.457305,19.440365,14.989343,10.193466,5.158089,0.000000,-5.158089,-10.193466,-14.989343,-19.440365,-23.457305,-26.970616,-29.932611,-32.318142,-34.123822,-35.365957,-36.077487,-36.304283,-36.101213,-35.528298,-34.647255,-33.518610,-32.199468,-30.741947,-29.192226,-27.590121,-25.969063,-24.356387,-22.773814,-21.238060,-19.761486,-18.352755,-17.017458,-15.758683,-14.577524,-13.473523,-12.445042,-11.489580
13.067073,14.196298,15.415487,16.727928,18.135782,19.639651,21.238060,22.926844,24.698442,26.541087,28.437941,30.366182,32.296101,34.190313,36.003146,37.680392,39.159532,40.370639,41.238086,41.683187,41.627796,40.998779,39.733137,37.783404,35.122814,31.749701,27.690565,23.001385,17.766915,12.097921,6.126525,0.000000,-6.126525,-12.097921,-17.766915,-23.001385,-27.690565,-31.749701,-35.122814,-37.783404,-39.733137,-40.998779,-41.627796,-41.683187,-41.238086,-40.370639,-39.159532,-37.680392,-36.003146,-34.190313,-32.296101,-30.366182,-28.437941,-26.541087,-24.698442,-22.926844,-21.238060,-19.639651,-18.135782,-16.727928,-15.415487,-14.196298,-13.067073,-12.023740
13.681245,14.916343,16.257629,17.710467,19.279211,20.966731,22.773814,24.698442,26.734927,28.872908,31.096211,33.381619,35.697589,38.003019,40.246193,42.364082,44.282214,45.915368,47.169338,47.943973,48.137612,47.652844,46.403355,44.321334,41.364756,37.523707,32.824936,27.333980,21.154467,14.424571,7.310850,0.000000,-7.310850,-14.424571,-21.154467,-27.333980,-32.824936,-37.523707,-41.364756,-44.321334,-46.403355,-47.652844,-48.137612,-47.943973,-47.169338,-45.915368,-44.282214,-42.364082,-40.246193,-38.003019,-35.697589,-33.381619,-31.096211,-28.872908,-26.734927,-24.698442,-22.773814,-20.966731,-19.279211,-17.710467,-16.257629,-14.916343,-13.681245,-12.546346
14.278763,15.623962,17.093384,18.694938,20.435744,22.321615,24.356387,26.541087,28.872908,31.343974,33.939900,36.638160,39.406321,42.200228,44.962300,47.620166,50.085921,52.256366,54.014636,55.233562,55.781025,55.527344,54.354413,52.165919,48.897658,44.526690,39.078096,32.628325,25.304557,17.280051,8.765902,0.000000,-8.765902,-17.280051,-25.304557,-32.628325,-39.078096,-44.526690,-48.897658,-52.165919,-54.354413,-55.527344,-55.781025,-55.233562,-54.014636,-52.256366,-50.085921,-47.620166,-44.962300,-42.200228,-39.406321,-36.638160,-33.939900,-31.343974,-28.872908,-26.541087,-24.356387,-22.321615,-20.435744,-18.694938,-17.093384,-15.623962,-14.278763,-13.049481
14.849468,16.307775,17.910104,19.667438,21.590306,23.688241,25.969063,28.437941,31.096211,33.939900,36.957942,40.130085,43.424514,46.795286,50.179739,53.496146,56.641988,59.493364,61.906118,63.719299,64.761461,64.860025,63.853458,61.605449,58.019605,53.052824,46.725357,39.125997,30.411522,20.800424,10.561708,0.000000,-10.561708,-20.800424,-30.411522,-39.125997,-46.725357,-53.052824,-58.019605,-61.605449,-63.853458,-64.860025,-64.761461,-63.719299,-61.906118,-59.493364,-56.641988,-53.496146,-50.179739,-46.795286,-43.424514,-40.130085,-36.957942,-33.939900,-31.096211,-28.437941,-25.969063,-23.688241,-21.590306,-19.667438,-17.910104,-16.307775,-14.849468,-13.524145
15.381838,16.954660,18.692954,20.611334,22.724443,25.046413,27.590121,30.366182,33.381619,36.638160,40.130085,43.841611,47.743795,51.791022,55.917234,60.032200,64.018289,67.728448,70.986228,73.588873,75.314389,75.933201,75.224348,72.995204,69.102633,63.472704,56.115799,47.134558,36.723354,25.159516,12.787773,0.000000,-12.787773,-25.159516,-36.723354,-47.134558,-56.115799,-63.472704,-69.102633,-72.995204,-75.224348,-75.933201,-75.314389,-73.588873,-70.986228,-67.728448,-64.018289,-60.032200,-55.917234,-51.791022,-47.743795,-43.841611,-40.130085,-36.638160,-33.381619,-30.366182,-27.590121,-25.046413,-22.724443,-20.611334,-18.692954,-16.954660,-15.381838,-13.960273
15.863025,17.549774,19.424874,21.507148,23.816099,26.371412,29.192226,32.296101,35.697589,39.406321,43.424514,47.743795,52.341289,57.174970,62.178376,67.254991,72.272827,77.060079,81.403078,85.048102,87.708654,89.079572,88.858380,86.772832,82.611695,76.254200,67.692983,57.046196,44.556744,30.579359,15.558400,0.000000,-15.558400,-30.579359,-44.556744,-57.046196,-67.692983,-76.254200,-82.611695,-86.772832,-88.858380,-89.079572,-87.708654,-85.048102,-81.403078,-77.060079,-72.272827,-67.254991,-62.178376,-57.174970,-52.341289,-47.743795,-43.424514,-39.406321,-35.697589,-32.296101,-29.192226,-26.371412,-23.816099,-21.507148,-19.424874,-17.549774,-15.863025,-14.346793
16.278972,18.076642,20.086632,22.332545,24.839500,27.633733,30.741947,34.190313,38.003019,42.200228,46.795286,51.791022,57.174970,62.913423,68.944307,75.169094,81.444289,87.573533,93.301956,98.315085,102.245061,104.686830,105.225879,103.476776,99.128479,91.989129,82.021464,69.361301,54.315724,37.342859,19.019035,0.000000,-19.019035,-37.342859,-54.315724,-69.361301,-82.021464,-91.989129,-99.128479,-103.476776,-105.225879,-104.686830,-102.245061,-98.315085,-93.301956,-87.573533,-81.444289,-75.169094,-68.944307,-62.913423,-57.174970,-51.791022,-46.795286,-42.200228,-38.003019,-34.190313,-30.741947,-27.633733,-24.839500,-22.332545,-20.086632,-18.076642,-16.278972,-14.671751
16.614601,18.517344,20.656996,23.062463,25.765207,28.799008,32.199468,36.003146,40.246193,44.962300,50.179739,55.917234,62.178376,68.944307,76.164491,83.745557,91.538649,99.326323,106.811028,113.608408,119.249833,123.199157,124.887670,123.767919,119.381254,111.427432,99.820603,84.717800,66.514003,45.808325,23.353298,0.000000,-23.353298,-45.808325,-66.514003,-84.717800,-99.820603,-111.427432,-119.381254,-123.767919,-124.887670,-123.199157,-119.249833,-113.608408,-106.811028,-99.326323,-91.538649,-83.745557,-76.164491,-68.944307,-62.178376,-55.917234,-50.179739,-44.962300,-40.246193,-36.003146,-32.199468,-28.799008,-25.765207,-23.062463,-20.656996,-18.517344,-16.614601,-14.922490
16.854094,18.852818,21.113048,23.669424,26.560390,29.828188,33.518610,37.680392,42.364082,47.620166,53.496146,60.032200,67.254991,75.169094,83.745557,92.907227,102.510858,112.326817,122.018527,131.125854,139.059062,145.112133,148.504267,148.454224,144.282257,135.521103,122.007416,103.926638,81.800014,56.424310,28.789579,0.000000,-28.789579,-56.424310,-81.800014,-103.926638,-122.007416,-135.521103,-144.282257,-148.454224,-148.504267,-145.112133,-139.059062,-131.125854,-122.018527,-112.326817,-102.510858,-92.907227,-83.745557,-75.169094,-67.254991,-60.032200,-53.496146,-47.620166,-42.364082,-37.680392,-33.518610,-29.828188,-26.560390,-23.669424,-21.113048,-18.852818,-16.854094,-15.085906
16.981269,19.063292,21.430664,24.124049,27.189359,30.678055,34.647255,39.159532,44.282214,50.085921,56.641988,64.018289,72.272827,81.444289,91.538649,102.510858,114.240886,126.504139,138.937894,151.008393,161.987683,170.954667,176.838226,178.516943,174.974275,165.480870,149.750277,128.012415,100.981166,69.740528,35.604376,0.000000,-35.604376,-69.740528,-100.981166,-128.012415,-149.750277,-165.480870,-174.974275,-178.516943,-176.838226,-170.954667,-161.987683,-151.008393,-138.937894,-126.504139,-114.240886,-102.510858,-91.538649,-81.444289,-72.272827,-64.018289,-56.641988,-50.085921,-44.282214,-39.159532,-34.647255,-30.678055,-27.189359,-24.124049,-21.430664,-19.063292,-16.981269,-15.148770
16.980052,19.128841,21.585165,24.395812,27.614416,31.302148,35.528298,40.370639,45.915368,52.256366,59.493364,67.728448,77.060079,87.573533,99.326323,112.326817,126.504139,141.667772,157.456757,173.282040,188.272534,201.246288,210.740067,215.134080,212.887886,202.849509,184.534704,158.254714,125.038164,86.405019,44.116209,0.000000,-44.116209,-86.405019,-125.038164,-158.254714,-184.534704,-202.849509,-212.887886,-215.134080,-210.740067,-201.246288,-188.272534,-173.282040,-157.456757,-141.667772,-126.504139,-112.326817,-99.326323,-87.573533,-77.060079,-67.728448,-59.493364,-52.256366,-45.915368,-40.370639,-35.528298,-31.302148,-27.614416,-24.395812,-21.585165,-19.128841,-16.980052,-15.098129
16.835050,19.030077,21.552155,24.454039,27.797032,31.652134,36.101213,41.238086,47.169338,54.014636,61.906118,70.986228,81.403078,93.301956,106.811028,122.018527,138.937894,157.456757,177.265968,197.768048,217.973064,236.408357,251.097298,259.689029,259.808401,249.595832,228.239485,196.216730,155.107834,107.126605,54.657576,0.000000,-54.657576,-107.126605,-155.107834,-196.216730,-228.239485,-249.595832,-259.808401,-259.689029,-251.097298,-236.408357,-217.973064,-197.768048,-177.265968,-157.456757,-138.937894,-122.018527,-106.811028,-93.301956,-81.403078,-70.986228,-61.906118,-54.014636,-47.169338,-41.238086,-36.101213,-31.652134,-27.797032,-24.454039,-21.552155,-19.030077,-16.835050,-14.921767
16.532192,18.748956,21.308517,24.269143,27.699368,31.679665,36.304283,41.683187,47.943973,55.233562,63.719299,73.588873,85.048102,98.315085,113.608408,131.125854,151.008393,173.282040,197.768048,223.951619,250.805803,276.590671,298.702320,313.731395,317.941125,308.228795,283.210064,243.725030,192.386208,132.560862,67.501895,0.000000,-67.501895,-132.560862,-192.386208,-243.725030,-283.210064,-308.228795,-317.941125,-313.731395,-298.702320,-276.590671,-250.805803,-223.951619,-197.768048,-173.282040,-151.008393,-131.125854,-113.608408,-98.315085,-85.048102,-73.588873,-63.719299,-55.233562,-47.943973,-41.683187,-36.304283,-31.679665,-27.699368,-24.269143,-21.308517,-18.748956,-16.532192,-14.608728
16.059429,18.269665,20.833548,23.814063,27.286101,31.338677,36.077487,41.627796,48.137612,55.781025,64.761461,75.314389,87.708654,102.245061,119.249833,139.059062,161.987683,188.272534,217.973064,250.805803,285.884024,321.347966,353.943665,378.799312,389.923739,381.904785,352.275212,302.704028,237.847742,163.043847,82.708938,0.000000,-82.708938,-163.043847,-237.847742,-302.704028,-352.275212,-381.904785,-389.923739,-378.799312,-353.943665,-321.347966,-285.884024,-250.805803,-217.973064,-188.272534,-161.987683,-139.059062,-119.249833,-102.245061,-87.708654,-75.314389,-64.761461,-55.781025,-48.137612,-41.627796,-36.077487,-31.338677,-27.286101,-23.814063,-20.833548,-18.269665,-16.059429,-14.149859
15.407460,17.579563,20.110175,23.065844,26.526472,30.588054,35.365957,40.998779,47.652844,55.527344,64.860025,75.933201,89.079572,104.686830,123.199157,145.112133,170.954667,201.246288,236.408357,276.590671,321.347966,369.073082,416.123136,455.853301,478.587678,474.381532,438.505242,374.607124,291.569079,198.059030,99.847741,0.000000,-99.847741,-198.059030,-291.569079,-374.607124,-438.505242,-474.381532,-478.587678,-455.853301,-416.123136,-369.073082,-321.347966,-276.590671,-236.408357,-201.246288,-170.954667,-145.112133,-123.199157,-104.686830,-89.079572,-75.933201,-64.860025,-55.527344,-47.652844,-40.998779,-35.365957,-30.588054,-26.526472,-23.065844,-20.110175,-17.579563,-15.407460,-13.538372
14.570432,16.670111,19.126185,22.007271,25.396456,29.394513,34.123822,39.733137,46.403355,54.354413,63.853458,75.224348,88.858380,105.225879,124.887670,148.504267,176.838226,210.740067,251.097298,298.702320,353.943665,416.123136,482.053731,543.658639,585.734324,589.156914,543.974053,458.772617,351.294193,235.340358,117.599789,0.000000,-117.599789,-235.340358,-351.294193,-458.772617,-543.974053,-589.156914,-585.734324,-543.658639,-482.053731,-416.123136,-353.943665,-298.702320,-251.097298,-210.740067,-176.838226,-148.504267,-124.887670,-105.225879,-88.858380,-75.224348,-63.853458,-54.354413,-46.403355,-39.733137,-34.123822,-29.394513,-25.396456,-22.007271,-19.126185,-16.670111,-14.570432,-12.770377
13.546579,15.537724,17.875383,20.628430,23.880886,27.735491,32.318142,37.783404,44.321334,52.165919,61.605449,72.995204,86.772832,103.476776,123.767919,148.454224,178.516943,215.134080,259.689029,313.731395,378.799312,455.853301,543.658639,634.661377,707.377980,725.000168,664.975288,548.243983,409.946012,269.788825,133.409184,0.000000,-133.409184,-269.788825,-409.946012,-548.243983,-664.975288,-725.000168,-707.377980,-634.661377,-543.658639,-455.853301,-378.799312,-313.731395,-259.689029,-215.134080,-178.516943,-148.454224,-123.767919,-103.476776,-86.772832,-72.995204,-61.605449,-52.165919,-44.321334,-37.783404,-32.318142,-27.735491,-23.880886,-20.628430,-17.875383,-15.537724,-13.546579,-11.845352
12.338739,14.184496,16.358588,18.928090,21.975357,25.601794,29.932611,35.122814,41.364756,48.897658,58.019605,69.102633,82.611695,99.128479,119.381254,144.282257,174.974275,212.887886,259.808401,317.941125,389.923739,478.587678,585.734324,707.377980,819.192702,858.512810,777.431920,622.077717,453.247369,293.215241,143.634850,0.000000,-143.634850,-293.215241,-453.247369,-622.077717,-777.431920,-858.512810,-819.192702,-707.377980,-585.734324,-478.587678,-389.923739,-317.941125,-259.808401,-212.887886,-174.974275,-144.282257,-119.381254,-99.128479,-82.611695,-69.102633,-58.019605,-48.897658,-41.364756,-35.122814,-29.932611,-25.601794,-21.975357,-18.928090,-16.358588,-14.184496,-12.338739,-10.766520
10.954710,12.618708,14.584362,16.914747,19.687729,22.999743,26.970616,31.749701,37.523707,44.526690,53.052824,63.472704,76.254200,91.989129,111.427432,135.521103,165.480870,202.849509,249.595832,308.228795,381.904785,474.381532,589.156914,725.000168,858.512810,912.208720,818.856233,643.856082,462.757087,296.800473,144.712353,0.000000,-144.712353,-296.800473,-462.757087,-643.856082,-818.856233,-912.208720,-858.512810,-725.000168,-589.156914,-474.381532,-381.904785,-308.228795,-249.595832,-202.849509,-165.480870,-135.521103,-111.427432,-91.989129,-76.254200,-63.472704,-53.052824,-44.526690,-37.523707,-31.749701,-26.970616,-22.999743,-19.687729,-16.914747,-14.584362,-12.618708,-10.954710,-9.541097
9.407404,10.855077,12.569406,14.607236,17.039049,19.952558,23.457305,27.690565,32.824936,39.078096,46.725357,56.115799,67.692983,82.021464,99.820603,122.007416,149.750277,184.534704,228.239485,283.210064,352.275212,438.505242,543.974053,664.975288,777.431920,818.856233,741.415567,591.190652,428.815335,276.305514,134.990127,0.000000,-134.990127,-276.305514,-428.815335,-591.190652,-741.415567,-818.856233,-777.431920,-664.975288,-543.974053,-438.505242,-352.275212,-283.210064,-228.239485,-184.534704,-149.750277,-122.007416,-99.820603,-82.021464,-67.692983,-56.115799,-46.725357,-39.078096,-32.824936,-27.690565,-23.457305,-19.952558,-17.039049,-14.607236,-12.569406,-10.855077,-9.407404,-8.180373
7.714756,8.914697,10.338551,12.034797,14.063758,16.500787,19.440365,23.001385,27.333980,32.628325,39.125997,47.134558,57.046196,69.361301,84.717800,103.926638,128.012415,158.254714,196.216730,243.725030,302.704028,374.607124,458.772617,548.243983,622.077717,643.856082,591.190652,484.922905,359.842779,235.109439,115.680668,0.000000,-115.680668,-235.109439,-359.842779,-484.922905,-591.190652,-643.856082,-622.077717,-548.243983,-458.772617,-374.607124,-302.704028,-243.725030,-196.216730,-158.254714,-128.012415,-103.926638,-84.717800,-69.361301,-57.046196,-47.134558,-39.125997,-32.628325,-27.333980,-23.001385,-19.440365,-16.500787,-14.063758,-12.034797,-10.338551,-8.914697,-7.714756,-6.699616
5.899396,6.824650,7.924304,9.236569,10.809119,12.701677,14.989343,17.766915,21.154467,25.304557,30.411522,36.723354,44.556744,54.315724,66.514003,81.800014,100.981166,125.038164,155.107834,192.386208,237.847742,291.569079,351.294193,409.946012,453.247369,462.757087,428.815335,359.842779,272.988321,181.143031,89.898025,0.000000,-89.898025,-181.143031,-272.988321,-359.842779,-428.815335,-462.757087,-453.247369,-409.946012,-351.294193,-291.569079,-237.847742,-192.386208,-155.107834,-125.038164,-100.981166,-81.800014,-66.514003,-54.315724,-44.556744,-36.723354,-30.411522,-25.304557,-21.154467,-17.766915,-14.989343,-12.701677,-10.809119,-9.236569,-7.924304,-6.824650,-5.899396,-5.117795
3.988065,4.617285,5.365958,6.260477,7.333834,8.627437,10.193466,12.097921,14.424571,17.280051,20.800424,25.159516,30.579359,37.342859,45.808325,56.424310,69.740528,86.405019,107.126605,132.560862,163.043847,198.059030,235.340358,269.788825,293.215241,296.800473,276.305514,235.109439,181.143031,121.664153,60.819172,0.000000,-60.819172,-121.664153,-181.143031,-235.109439,-276.305514,-296.800473,-293.215241,-269.788825,-235.340358,-198.059030,-163.043847,-132.560862,-107.126605,-86.405019,-69.740528,-56.424310,-45.808325,-37.342859,-30.579359,-25.159516,-20.800424,-17.280051,-14.424571,-12.097921,-10.193466,-8.627437,-7.333834,-6.260477,-5.365958,-4.617285,-3.988065,-3.457100
2.010811,2.329206,2.708305,3.161588,3.705925,4.362511,5.158089,6.126525,7.310850,8.765902,10.561708,12.787773,15.558400,19.019035,23.353298,28.789579,35.604376,44.116209,54.657576,67.501895,82.708938,99.847741,117.599789,133.409184,143.634850,144.712353,134.990127,115.680668,89.898025,60.819172,30.542221,0.000000,-30.542221,-60.819172,-89.898025,-115.680668,-134.990127,-144.712353,-143.634850,-133.409184,-117.599789,-99.847741,-82.708938,-67.501895,-54.657576,-44.116209,-35.604376,-28.789579,-23.353298,-19.019035,-15.558400,-12.787773,-10.561708,-8.765902,-7.310850,-6.126525,-5.158089,-4.362511,-3.705925,-3.161588,-2.708305,-2.329206,-2.010811,-1.742307
0.000000,0.000000,0.000000,0.000000,0.000000,0.000000,0.000000,0.000000,0.000000,0.000000,0.000000,0.000000,0.000000,0.000000,0.000000,0.000000,0.000000,0.000000,0.000000,0.000000,0.000000,0.000000,0.000000,0.000000,0.000000,0.000000,0.000000,0.000000,0.000000,0.000000,0.000000,0.000000,0.000000,0.000000,0.000000,0.000000,0.000000,0.000000,0.000000,0.000000,0.000000,0.000000,0.000000,0.000000,0.000000,0.000000,0.000000,0.000000,0.000000,0.000000,0.000000,0.000000,0.000000,0.000000,0.000000,0.000000,0.000000,0.000000,0.000000,0.000000,0.000000,0.000000,0.000000,0.000000
-2.010811,-2.329206,-2.708305,-3.161588,-3.705925,-4.362511,-5.158089,-6.126525,-7.310850,-8.765902,-10.561708,-12.787773,-15.558400,-19.019035,-23.353298,-28.789579,-35.604376,-44.116209,-54.657576,-67.501895,-82.708938,-99.847741,-117.599789,-133.409184,-143.634850,-144.712353,-134.990127,-115.680668,-89.898025,-60.819172,-30.542221,0.000000,30.542221,60.819172,89.898025,115.680668,134.990127,144.712353,143.634850,133.409184,117.599789,99.847741,82.708938,67.501895,54.657576,44.116209,35.604376,28.789579,23.353298,19.019035,15.558400,12.787773,10.561708,8.765902,7.310850,6.126525,5.158089,4.362511,3.705925,3.161588,2.708305,2.329206,2.010811,1.742307
-3.988065,-4.617285,-5.365958,-6.260477,-7.333834,-8.627437,-10.193466,-12.097921,-14.424571,-17.280051,-20.800424,-25.159516,-30.579359,-37.342859,-45.808325,-56.424310,-69.740528,-86.405019,-107.126605,-132.560862,-163.043847,-198.059030,-235.340358,-269.788825,-293.215241,-296.800473,-276.305514,-235.109439,-181.143031,-121.664153,-60.819172,0.000000,60.819172,121.664153,181.143031,235.109439,276.305514,296.800473,293.215241,269.788825,235.340358,198.059030,163.043847,132.560862,107.126605,86.405019,69.740528,56.424310,45.808325,37.342859,30.579359,25.159516,20.800424,17.280051,14.424571,12.097921,10.193466,8.627437,7.333834,6.260477,5.365958,4.617285,3.988065,3.457100
-5.899396,-6.824650,-7.924304,-9.236569,-10.809119,-12.701677,-14.989343,-17.766915,-21.154467,-25.304557,-30.411522,-36.723354,-44.556744,-54.315724,-66.514003,-81.800014,-100.981166,-125.038164,-155.107834,-192.386208,-237.847742,-291.569079,-351.294193,-409.946012,-453.247369,-462.757087,-428.815335,-359.842779,-272.988321,-181.143031,-89.898025,0.000000,89.898025,181.143031,272.988321,359.842779,428.815335,462.757087,453.247369,409.946012,351.294193,291.569079,237.847742,192.386208,155.107834,125.038164,100.981166,81.800014,66.514003,54.315724,44.556744,36.723354,30.411522,25.304557,21.154467,17.766915,14.989343,12.701677,10.809119,9.236569,7.924304,6.824650,5.899396,5.117795
-7.714756,-8.914697,-10.338551,-12.034797,-14.063758,-16.500787,-19.440365,-23.001385,-27.333980,-32.628325,-39.125997,-47.134558,-57.046196,-69.361301,-84.717800,-103.926638,-128.012415,-158.254714,-196.216730,-243.725030,-302.704028,-374.607124,-458.772617,-548.243983,-622.077717,-643.856082,-591.190652,-484.922905,-359.842779,-235.109439,-115.680668,0.000000,115.680668,235.109439,359.842779,484.922905,591.190652,643.856082,622.077717,548.243983,458.772617,374.607124,302.704028,243.725030,196.216730,158.254714,128.012415,103.926638,84.717800,69.361301,57.046196,47.134558,39.125997,32.628325,27.333980,23.001385,19.440365,16.500787,14.063758,12.034797,10.338551,8.914697,7.714756,6.699616
-9.407404,-10.855077,-12.569406,-14.607236,-17.039049,-19.952558,-23.457305,-27.690565,-32.824936,-39.078096,-46.725357,-56.115799,-67.692983,-82.021464,-99.820603,-122.007416,-149.750277,-184.534704,-228.239485,-283.210064,-352.275212,-438.505242,-543.974053,-664.975288,-777.431920,-818.856233,-741.415567,-591.190652,-428.815335,-276.305514,-134.990127,0.000000,134.990127,276.305514,428.815335,591.190652,741.415567,818.856233,777.431920,664.975288,543.974053,438.505242,352.275212,283.210064,228.239485,184.534704,149.750277,122.007416,99.820603,82.021464,67.692983,56.115799,46.725357,39.078096,32.824936,27.690565,23.457305,19.952558,17.039049,14.607236,12.569406,10.855077,9.407404,8.180373
-10.954710,-12.618708,-14.584362,-16.914747,-19.687729,-22.999743,-26.970616,-31.749701,-37.523707,-44.526690,-53.052824,-63.472704,-76.254200,-91.989129,-111.427432,-135.521103,-165.480870,-202.849509,-249.595832,-308.228795,-381.904785,-474.381532,-589.156914,-725.000168,-858.512810,-912.208720,-818.856233,-643.856082,-462.757087,-296.800473,-144.712353,0.000000,144.712353,296.800473,462.757087,643.856082,818.856233,912.208720,858.512810,725.000168,589.156914,474.381532,381.904785,308.228795,249.595832,202.849509,165.480870,135.521103,111.427432,91.989129,76.254200,63.472704,53.052824,44.526690,37.523707,31.749701,26.970616,22.999743,19.687729,16.914747,14.584362,12.618708,10.954710,9.541097
-12.338739,-14.184496,-16.358588,-18.928090,-21.975357,-25.601794,-29.932611,-35.122814,-41.364756,-48.897658,-58.019605,-69.102633,-82.611695,-99.128479,-119.381254,-144.282257,-174.974275,-212.887886,-259.808401,-317.941125,-389.923739,-478.587678,-585.734324,-707.377980,-819.192702,-858.512810,-777.431920,-622.077717,-453.247369,-293.215241,-143.634850,0.000000,143.634850,293.215241,453.247369,622.077717,777.431920,858.512810,819.192702,707.377980,585.734324,478.587678,389.923739,317.941125,259.808401,212.887886,174.974275,144.282257,119.381254,99.128479,82.611695,69.102633,58.019605,48.897658,41.364756,35.122814,29.932611,25.601794,21.975357,18.928090,16.358588,14.184496,12.338739,10.766520
-13.546579,-15.537724,-17.875383,-20.628430,-23.880886,-27.735491,-32.318142,-37.783404,-44.321334,-52.165919,-61.605449,-72.995204,-86.772832,-103.476776,-123.767919,-148.454224,-178.516943,-215.134080,-259.689029,-313.731395,-378.799312,-455.853301,-543.658639,-634.661377,-707.377980,-725.000168,-664.975288,-548.243983,-409.946012,-269.788825,-133.409184,0.000000,133.409184,269.788825,409.946012,548.243983,664.975288,725.000168,707.377980,634.661377,543.658639,455.853301,378.799312,313.731395,259.689029,215.134080,178.516943,148.454224,123.767919,103.476776,86.772832,72.995204,61.605449,52.165919,44.321334,37.783404,32.318142,27.735491,23.880886,20.628430,17.875383,15.537724,13.546579,11.845352
-14.570432,-16.670111,-19.126185,-22.007271,-25.396456,-29.394513,-34.123822,-39.733137,-46.403355,-54.354413,-63.853458,-75.224348,-88.858380,-105.225879,-124.887670,-148.504267,-176.838226,-210.740067,-251.097298,-298.702320,-353.943665,-416.123136,-482.053731,-543.658639,-585.734324,-589.156914,-543.974053,-458.772617,-351.294193,-235.340358,-117.599789,0.000000,117.599789,235.340358,351.294193,458.772617,543.974053,589.156914,585.734324,543.658639,482.053731,416.123136,353.943665,298.702320,251.097298,210.740067,176.838226,148.504267,124.887670,105.225879,88.858380,75.224348,63.853458,54.354413,46.403355,39.733137,34.123822,29.394513,25.396456,22.007271,19.126185,16.670111,14.570432,12.770377
-15.407460,-17.579563,-20.110175,-23.065844,-26.526472,-30.588054,-35.365957,-40.998779,-47.652844,-55.527344,-64.860025,-75.933201,-89.079572,-104.686830,-123.199157,-145.112133,-170.954667,-201.246288,-236.408357,-276.590671,-321.347966,-369.073082,-416.123136,-455.853301,-478.587678,-474.381532,-438.505242,-374.607124,-291.569079,-198.059030,-99.847741,0.000000,99.847741,198.059030,291.569079,374.607124,438.505242,474.381532,478.587678,455.853301,416.123136,369.073082,321.347966,276.590671,236.408357,201.246288,170.954667,145.112133,123.199157,104.686830,89.079572,75.933201,64.860025,55.527344,47.652844,40.998779,35.365957,30.588054,26.526472,23.065844,20.110175,17.579563,15.407460,13.538372
-16.059429,-18.269665,-20.833548,-23.814063,-27.286101,-31.338677,-36.077487,-41.627796,-48.137612,-55.781025,-64.761461,-75.314389,-87.708654,-102.245061,-119.249833,-139.059062,-161.987683,-188.272534,-217.973064,-250.805803,-285.884024,-321.347966,-353.943665,-378.799312,-389.923739,-381.904785,-352.275212,-302.704028,-237.847742,-163.043847,-82.708938,0.000000,82.708938,163.043847,237.847742,302.704028,352.275212,381.904785,389.923739,378.799312,353.943665,321.347966,285.884024,250.805803,217.973064,188.272534,161.987683,139.059062,119.249833,102.245061,87.708654,75.314389,64.761461,55.781025,48.137612,41.627796,36.077487,31.338677,27.286101,23.814063,20.833548,18.269665,16.059429,14.149859
-16.532192,-18.748956,-21.308517,-24.269143,-27.699368,-31.679665,-36.304283,-41.683187,-47.943973,-55.233562,-63.719299,-73.588873,-85.048102,-98.315085,-113.608408,-131.125854,-151.008393,-173.282040,-197.768048,-223.951619,-250.805803,-276.590671,-298.702320,-313.731395,-317.941125,-308.228795,-283.210064,-243.725030,-192.386208,-132.560862,-67.501895,0.000000,67.501895,132.560862,192.386208,243.725030,283.210064,308.228795,317.941125,313.731395,298.702320,276.590671,250.805803,223.951619,197.768048,173.282040,151.008393,131.125854,113.608408,98.315085,85.048102,73.588873,63.719299,55.233562,47.943973,41.683187,36.304283,31.679665,27.699368,24.269143,21.308517,18.748956,16.532192,14.608728
-16.835050,-19.030077,-21.552155,-24.454039,-27.797032,-31.652134,-36.101213,-41.238086,-47.169338,-54.014636,-61.906118,-70.986228,-81.403078,-93.301956,-106.811028,-122.018527,-138.937894,-157.456757,-177.265968,-197.768048,-217.973064,-236.408357,-251.097298,-259.689029,-259.808401,-249.595832,-228.239485,-196.216730,-155.107834,-107.126605,-54.657576,0.000000,54.657576,107.126605,155.107834,196.216730,228.239485,249.595832,259.808401,259.689029,251.097298,236.408357,217.973064,197.768048,177.265968,157.456757,138.937894,122.018527,106.811028,93.301956,81.403078,70.986228,61.906118,54.014636,47.169338,41.238086,36.101213,31.652134,27.797032,24.454039,21.552155,19.030077,16.835050,14.921767
-16.980052,-19.128841,-21.585165,-24.395812,-27.614416,-31.302148,-35.528298,-40.370639,-45.915368,-52.256366,-59.493364,-67.728448,-77.060079,-87.573533,-99.326323,-112.326817,-126.504139,-141.667772,-157.456757,-173.282040,-188.272534,-201.246288,-210.740067,-215.134080,-212.887886,-202.849509,-184.534704,-158.254714,-125.038164,-86.405019,-44.116209,0.000000,44.116209,86.405019,125.038164,158.254714,184.534704,202.849509,212.887886,215.134080,210.740067,201.246288,188.272534,173.282040,157.456757,141.667772,126.504139,112.326817,99.326323,87.573533,77.060079,67.728448,59.493364,52.256366,45.915368,40.370639,35.528298,31.302148,27.614416,24.395812,21.585165,19.128841,16.980052,15.098129
-16.981269,-19.063292,-21.430664,-24.124049,-27.189359,-30.678055,-34.647255,-39.159532,-44.282214,-50.085921,-56.641988,-64.018289,-72.272827,-81.444289,-91.538649,-102.510858,-114.240886,-126.504139,-138.937894,-151.008393,-161.987683,-170.954667,-176.838226,-178.516943,-174.974275,-165.480870,-149.750277,-128.012415,-100.981166,-69.740528,-35.604376,0.000000,35.604376,69.740528,100.981166,128.012415,149.750277,165.480870,174.974275,178.516943,176.838226,170.954667,161.987683,151.008393,138.937894,126.504139,114.240886,102.510858,91.538649,81.444289,72.272827,64.018289,56.641988,50.085921,44.282214,39.159532,34.647255,30.678055,27.189359,24.124049,21.430664,19.063292,16.981269,15.148770
-16.854094,-18.852818,-21.113048,-23.669424,-26.560390,-29.828188,-33.518610,-37.680392,-42.364082,-47.620166,-53.496146,-60.032200,-67.254991,-75.169094,-83.745557,-92.907227,-102.510858,-112.326817,-122.018527,-131.125854,-139.059062,-145.112133,-148.504267,-148.454224,-144.282257,-135.521103,-122.007416,-103.926638,-81.800014,-56.424310,-28.789579,0.000000,28.789579,56.424310,81.800014,103.926638,122.007416,135.521103,144.282257,148.454224,148.504267,145.112133,139.059062,131.125854,122.018527,112.326817,102.510858,92.907227,83.745557,75.169094,67.254991,60.032200,53.496146,47.620166,42.364082,37.680392,33.518610,29.828188,26.560390,23.669424,21.113048,18.852818,16.854094,15.085906
-16.614601,-18.517344,-20.656996,-23.062463,-25.765207,-28.799008,-32.199468,-36.003146,-40.246193,-44.962300,-50.179739,-55.917234,-62.178376,-68.944307,-76.164491,-83.745557,-91.538649,-99.326323,-106.811028,-113.608408,-119.249833,-123.199157,-124.887670,-123.767919,-119.381254,-111.427432,-99.820603,-84.717800,-66.514003,-45.808325,-23.353298,0.000000,23.353298,45.808325,66.514003,84.717800,99.820603,111.427432,119.381254,123.767919,124.887670,123.199157,119.249833,113.608408,106.811028,99.326323,91.538649,83.745557,76.164491,68.944307,62.178376,55.917234,50.179739,44.962300,40.246193,36.003146,32.199468,28.799008,25.765207,23.062463,20.656996,18.517344,16.614601,14.922490
-16.278972,-18.076642,-20.086632,-22.332545,-24.839500,-27.633733,-30.741947,-34.190313,-38.003019,-42.200228,-46.795286,-51.791022,-57.174970,-62.913423,-68.944307,-75.169094,-81.444289,-87.573533,-93.301956,-98.315085,-102.245061,-104.686830,-105.225879,-103.476776,-99.128479,-91.989129,-82.021464,-69.361301,-54.315724,-37.342859,-19.019035,0.000000,19.019035,37.342859,54.315724,69.361301,82.021464,91.989129,99.128479,103.476776,105.225879,104.686830,102.245061,98.315085,93.301956,87.573533,81.444289,75.169094,68.944307,62.913423,57.174970,51.791022,46.795286,42.200228,38.003019,34.190313,30.741947,27.633733,24.839500,22.332545,20.086632,18.076642,16.278972,14.671751
-15.863025,-17.549774,-19.424874,-21.507148,-23.816099,-26.371412,-29.192226,-32.296101,-35.697589,-39.406321,-43.424514,-47.743795,-52.341289,-57.174970,-62.178376,-67.254991,-72.272827,-77.060079,-81.403078,-85.048102,-87.708654,-89.079572,-88.858380,-86.772832,-82.611695,-76.254200,-67.692983,-57.046196,-44.556744,-30.579359,-15.558400,0.000000,15.558400,30.579359,44.556744,57.046196,67.692983,76.254200,82.611695,86.772832,88.858380,89.079572,87.708654,85.048102,81.403078,77.060079,72.272827,67.254991,62.178376,57.174970,52.341289,47.743795,43.424514,39.406321,35.697589,32.296101,29.192226,26.371412,23.816099,21.507148,19.424874,17.549774,15.863025,14.346793
-15.381838,-16.954660,-18.692954,-20.611334,-22.724443,-25.046413,-27.590121,-30.366182,-33.381619,-36.638160,-40.130085,-43.841611,-47.743795,-51.791022,-55.917234,-60.032200,-64.018289,-67.728448,-70.986228,-73.588873,-75.314389,-75.933201,-75.224348,-72.995204,-69.102633,-63.472704,-56.115799,-47.134558,-36.723354,-25.159516,-12.787773,0.000000,12.787773,25.159516,36.723354,47.134558,56.115799,63.472704,69.102633,72.995204,75.224348,75.933201,75.314389,73.588873,70.986228,67.728448,64.018289,60.032200,55.917234,51.791022,47.743795,43.841611,40.130085,36.638160,33.381619,30.366182,27.590121,25.046413,22.724443,20.611334,18.692954,16.954660,15.381838,13.960273
-14.849468,-16.307775,-17.910104,-19.667438,-21.590306,-23.688241,-25.969063,-28.437941,-31.096211,-33.939900,-36.957942,-40.130085,-43.424514,-46.795286,-50.179739,-53.496146,-56.641988,-59.493364,-61.906118,-63.719299,-64.761461,-64.860025,-63.853458,-61.605449,-58.019605,-53.052824,-46.725357,-39.125997,-30.411522,-20.800424,-10.561708,0.000000,10.561708,20.800424,30.411522,39.125997,46.725357,53.052824,58.019605,61.605449,63.853458,64.860025,64.761461,63.719299,61.906118,59.493364,56.641988,53.496146,50.179739,46.795286,43.424514,40.130085,36.957942,33.939900,31.096211,28.437941,25.969063,23.688241,21.590306,19.667438,17.910104,16.307775,14.849468,13.524145
-14.278763,-15.623962,-17.093384,-18.694938,-20.435744,-22.321615,-24.356387,-26.541087,-28.872908,-31.343974,-33.939900,-36.638160,-39.406321,-42.200228,-44.962300,-47.620166,-50.085921,-52.256366,-54.014636,-55.233562,-55.781025,-55.527344,-54.354413,-52.165919,-48.897658,-44.526690,-39.078096,-32.628325,-25.304557,-17.280051,-8.765902,0.000000,8.765902,17.280051,25.304557,32.628325,39.078096,44.526690,48.897658,52.165919,54.354413,55.527344,55.781025,55.233562,54.014636,52.256366,50.085921,47.620166,44.962300,42.200228,39.406321,36.638160,33.939900,31.343974,28.872908,26.541087,24.356387,22.321615,20.435744,18.694938,17.093384,15.623962,14.278763,13.049481
-13.681245,-14.916343,-16.257629,-17.710467,-19.279211,-20.966731,-22.773814,-24.698442,-26.734927,-28.872908,-31.096211,-33.381619,-35.697589,-38.003019,-40.246193,-42.364082,-44.282214,-45.915368,-47.169338,-47.943973,-48.137612,-47.652844,-46.403355,-44.321334,-41.364756,-37.523707,-32.824936,-27.333980,-21.154467,-14.424571,-7.310850,0.000000,7.310850,14.424571,21.154467,27.333980,32.824936,37.523707,41.364756,44.321334,46.403355,47.652844,48.137612,47.943973,47.169338,45.915368,44.282214,42.364082,40.246193,38.003019,35.697589,33.381619,31.096211,28.872908,26.734927,24.698442,22.773814,20.966731,19.279211,17.710467,16.257629,14.916343,13.681245,12.546346
-13.067073,-14.196298,-15.415487,-16.727928,-18.135782,-19.639651,-21.238060,-22.926844,-24.698442,-26.541087,-28.437941,-30.366182,-32.296101,-34.190313,-36.003146,-37.680392,-39.159532,-40.370639,-41.238086,-41.683187,-41.627796,-40.998779,-39.733137,-37.783404,-35.122814,-31.749701,-27.690565,-23.001385,-17.766915,-12.097921,-6.126525,0.000000,6.126525,12.097921,17.766915,23.001385,27.690565,31.749701,35.122814,37.783404,39.733137,40.998779,41.627796,41.683187,41.238086,40.370639,39.159532,37.680392,36.003146,34.190313,32.296101,30.366182,28.437941,26.541087,24.698442,22.926844,21.238060,19.639651,18.135782,16.727928,15.415487,14.196298,13.067073,12.023740
-12.445042,-13.473523,-14.577524,-15.758683,-17.017458,-18.352755,-19.761486,-21.238060,-22.773814,-24.356387,-25.969063,-27.590121,-29.192226,-30.741947,-32.199468,-33.518610,-34.647255,-35.528298,-36.101213,-36.304283,-36.077487,-35.365957,-34.123822,-32.318142,-29.932611,-26.970616,-23.457305,-19.440365,-14.989343,-10.193466,-5.158089,0.000000,5.158089,10.193466,14.989343,19.440365,23.457305,26.970616,29.932611,32.318142,34.123822,35.365957,36.077487,36.304283,36.101213,35.528298,34.647255,33.518610,32.199468,30.741947,29.192226,27.590121,25.969063,24.356387,22.773814,21.238060,19.761486,18.352755,17.017458,15.758683,14.577524,13.473523,12.445042,11.489580
-11.822643,-12.756117,-13.752382,-14.811787,-15.933506,-17.115222,-18.352755,-19.639651,-20.966731,-22.321615,-23.688241,-25.046413,-26.371412,-27.633733,-28.799008,-29.828188,-30.678055,-31.302148,-31.652134,-31.679665,-31.338677,-30.588054,-29.394513,-27.735491,-25.601794,-22.999743,-19.952558,-16.500787,-12.701677,-8.627437,-4.362511,0.000000,4.362511,8.627437,12.701677,16.500787,19.952558,22.999743,25.601794,27.735491,29.394513,30.588054,31.338677,31.679665,31.652134,31.302148,30.678055,29.828188,28.799008,27.633733,26.371412,25.046413,23.688241,22.321615,20.966731,19.639651,18.352755,17.115222,15.933506,14.811787,13.752382,12.756117,11.822643,10.950713
